ph,Hardness,Solids,Chloramines,Sulfate,Conductivity,Organic_carbon,Trihalomethanes,Turbidity,Potability
7.73,69.08,950.02,0.5,209.58,992.87,3.06,43.8,0.16,1
7.47,126.26,5591.01,1.06,149.43,755.0,4.5,21.92,1.47,1
8.26,152.71,1010.24,1.15,299.76,805.9,7.9,44.53,1.76,1
6.59,87.47,611.35,0.93,143.5,704.77,7.08,14.45,1.91,1
6.83,132.12,8131.23,1.83,314.54,405.38,9.44,33.58,1.47,0
6.62,95.37,4608.06,0.4,222.76,357.4,3.86,48.94,1.11,1
7.36,78.83,2682.99,1.46,283.74,879.33,6.25,26.99,1.54,1
7.32,183.99,5359.69,1.29,138.88,587.34,8.98,4.65,1.45,1
7.34,141.61,4721.32,1.99,117.5,589.35,1.49,22.74,0.95,1
8.15,90.88,6354.98,1.54,218.73,708.45,7.47,38.91,0.9,1
6.65,133.6,6021.63,1.22,334.14,289.78,9.2,27.62,1.81,1
6.67,74.85,9020.45,1.49,185.03,491.2,4.14,28.21,0.32,0
7.32,143.61,2286.36,0.38,234.34,343.38,1.7,4.84,0.75,1
7.19,50.12,5559.0,1.87,121.94,592.97,6.0,3.07,0.94,1
8.24,120.48,9955.17,0.55,248.22,692.92,6.09,10.18,1.37,0
7.26,57.85,506.4,0.07,341.96,356.61,9.3,13.06,0.36,1
7.6,97.34,1953.71,1.07,220.77,556.16,4.29,15.06,1.46,1
6.69,115.14,1643.47,1.67,184.97,231.7,1.76,44.17,1.55,1
6.71,78.65,5070.52,0.22,189.25,216.0,5.73,46.72,0.38,1
7.09,68.45,9134.88,1.83,162.97,213.2,1.71,44.24,1.88,0
6.61,147.23,3475.48,1.53,195.04,379.09,9.35,34.87,1.55,1
8.08,147.96,5634.18,1.44,221.46,722.38,3.47,36.98,0.73,1
7.3,158.56,8979.98,1.77,239.47,384.32,8.14,16.68,1.59,0
8.15,104.57,8829.57,1.12,179.86,555.98,8.95,17.16,1.65,0
6.96,118.86,1308.55,0.64,290.93,369.44,9.64,48.44,0.42,1
6.5,57.87,2261.86,0.0,304.7,769.99,6.07,26.97,0.47,1
7.36,82.96,7616.37,0.15,290.51,962.57,6.33,6.11,0.28,1
8.13,86.95,2857.99,0.7,281.82,443.52,9.68,21.83,1.51,1
7.84,196.56,9951.35,1.85,111.16,382.85,9.29,25.17,1.89,0
7.53,71.02,9651.42,0.32,139.74,791.7,3.32,42.09,0.71,0
8.35,75.43,4811.97,1.6,255.2,240.22,9.64,25.26,1.2,1
8.39,75.63,8014.29,2.0,202.24,550.93,7.12,9.55,1.24,0
7.66,51.47,9865.07,0.05,199.77,944.75,8.78,14.19,1.16,0
7.4,82.64,5526.89,0.6,165.19,245.11,2.74,40.59,1.89,1
8.3,128.45,6477.2,0.73,275.68,415.27,4.54,29.78,0.78,1
7.08,54.08,4865.06,1.1,295.26,991.52,8.56,27.3,1.81,1
7.72,112.0,6566.63,0.12,101.1,593.52,8.15,20.79,1.44,1
8.46,197.84,8571.96,0.95,257.65,344.97,1.33,0.13,1.05,0
8.17,106.71,8641.65,0.99,186.47,222.33,1.72,24.86,0.96,0
6.87,153.4,7905.33,1.45,196.57,926.66,7.24,8.81,0.95,1
7.58,155.79,9014.94,0.31,322.81,702.16,9.87,6.71,1.34,0
7.26,198.99,8896.51,0.54,284.07,785.39,8.22,0.57,1.06,0
7.52,105.1,7971.94,1.14,347.25,414.38,5.82,31.18,1.46,1
8.36,99.7,866.22,1.28,122.65,970.96,4.04,42.92,1.08,1
8.03,198.29,1886.47,1.16,252.94,736.89,2.18,34.51,1.17,1
8.18,184.35,1006.97,0.6,144.64,906.61,8.59,26.12,1.72,1
8.02,118.32,7274.86,1.5,118.7,536.9,5.73,37.77,1.69,1
7.47,160.12,8545.59,0.48,300.33,306.72,5.41,20.81,1.28,0
7.23,131.59,9933.92,0.87,334.82,594.72,9.58,13.11,0.83,0
6.72,79.11,7786.56,1.29,305.92,773.66,7.42,9.59,0.8,1
7.77,63.44,9015.97,0.73,213.05,654.46,7.6,49.28,0.43,0
8.41,165.63,2935.84,1.46,247.43,698.09,1.52,8.15,1.53,1
6.81,86.6,1087.36,0.55,291.04,431.29,9.29,7.92,0.89,1
6.92,84.53,1857.0,1.79,129.74,834.86,4.63,48.84,0.28,1
6.54,63.34,8867.53,0.27,152.27,590.37,3.95,46.07,0.1,0
6.89,169.86,7961.25,0.52,285.93,225.7,2.59,35.19,1.45,1
7.18,195.81,3101.85,1.69,340.04,898.33,1.89,8.28,1.59,1
8.33,91.94,9492.22,1.85,291.26,254.17,1.25,35.96,1.61,0
8.25,110.0,4756.49,1.64,222.23,661.38,9.16,26.35,0.92,1
7.56,175.72,1915.79,1.92,161.33,928.48,9.47,40.53,1.07,1
7.95,173.02,2063.1,0.07,104.61,580.81,5.09,25.11,1.22,1
6.84,174.48,3853.43,0.89,107.57,322.21,1.16,10.97,1.17,1
7.27,193.13,5400.81,0.94,157.27,483.58,5.95,22.64,1.05,1
7.67,54.04,3872.19,1.61,149.53,621.53,9.32,44.06,0.2,1
6.98,83.73,3285.26,1.74,244.5,526.3,4.59,13.12,1.3,1
8.37,76.33,2386.18,0.97,170.16,244.21,3.57,43.87,1.29,1
6.75,133.71,5744.02,1.13,187.97,769.6,1.72,0.92,0.86,1
7.11,59.75,9797.23,1.83,344.62,889.22,4.61,0.39,0.52,0
7.02,117.39,2983.16,1.1,321.81,321.56,1.05,3.7,1.6,1
8.03,98.87,2236.3,0.88,275.12,371.76,4.96,37.26,1.19,1
6.72,89.32,4518.46,1.92,119.33,512.3,1.26,6.66,0.83,1
8.4,108.55,9601.85,0.25,171.11,456.06,5.4,45.94,0.91,0
8.0,140.36,9438.04,0.72,242.01,536.34,1.22,18.13,1.93,0
7.4,113.08,8519.87,0.62,187.65,646.93,6.87,42.78,1.78,0
8.44,110.02,695.0,1.4,212.62,942.35,1.97,46.45,1.54,1
6.94,191.32,4950.1,0.02,279.44,860.33,6.35,27.74,0.34,1
7.91,66.32,5035.75,1.09,115.06,462.5,7.99,47.97,1.24,1
6.9,132.39,9971.62,0.12,178.64,201.13,9.32,14.96,1.12,0
7.45,93.59,7160.29,0.47,250.42,293.82,7.65,42.78,0.67,1
7.0,145.95,6314.51,1.47,269.62,985.95,9.21,26.22,1.08,1
8.24,147.61,9723.25,1.77,147.61,997.1,7.09,5.82,0.83,0
8.47,82.87,6597.02,0.37,153.44,486.95,3.34,20.01,0.54,1
6.86,147.3,8306.84,0.74,334.84,562.83,3.69,22.46,0.56,0
6.89,198.82,6752.1,1.72,285.69,516.31,5.59,44.06,0.74,1
6.9,84.51,5793.9,1.57,287.48,467.51,8.3,1.15,1.8,1
7.27,122.11,5638.87,1.11,307.98,996.76,8.99,4.68,1.09,1
6.66,129.46,3999.76,1.97,316.25,273.4,1.54,38.72,1.06,1
7.6,139.81,6939.9,1.89,212.99,564.25,6.41,33.82,0.38,1
8.05,191.48,3020.74,1.71,305.54,264.53,7.74,37.31,1.97,1
7.11,108.9,2350.88,0.81,324.29,737.27,9.64,11.88,1.59,1
7.39,161.21,1695.51,1.36,331.47,657.76,6.75,45.72,1.12,1
7.77,140.68,4483.17,1.09,192.96,762.2,2.79,28.87,1.12,1
7.42,195.09,9337.28,1.41,271.81,361.83,1.77,24.79,1.19,0
7.61,189.23,9608.09,0.39,178.95,684.49,8.73,24.88,0.47,0
8.47,116.69,3402.86,0.08,215.5,785.76,3.95,9.09,1.17,1
8.25,165.64,754.32,0.75,174.84,435.15,6.75,42.22,1.22,1
7.67,52.91,2654.32,1.53,343.0,827.05,8.22,8.98,1.51,1
7.8,140.28,4779.09,0.59,114.86,648.86,9.65,27.68,0.22,1
8.36,167.5,904.06,1.61,147.21,703.57,1.55,29.47,0.6,1
7.63,187.83,8627.02,0.73,223.77,717.84,9.17,47.75,1.2,0
6.96,166.4,8603.83,1.31,306.64,732.06,7.08,38.76,0.94,0
8.32,165.86,1149.6,0.36,146.87,218.19,1.95,23.19,1.14,1
8.32,110.4,8088.88,1.43,145.35,411.85,8.46,27.59,1.78,0
7.56,112.59,6688.66,0.24,311.3,832.14,9.64,0.95,1.31,1
7.38,64.88,2858.99,0.18,227.77,445.45,5.47,43.07,0.57,1
6.57,132.23,3363.76,1.43,113.97,409.79,4.78,12.84,1.14,1
7.47,106.52,6232.77,0.93,215.83,583.33,8.6,16.36,0.46,1
7.47,165.09,2680.49,0.19,209.16,336.5,9.8,14.76,0.92,1
8.21,122.07,3783.89,1.86,218.63,569.1,4.43,33.78,0.86,1
6.7,193.39,4081.77,0.46,113.3,390.55,8.87,36.63,1.63,1
7.94,149.18,4810.4,1.85,147.02,724.48,2.24,20.08,0.35,1
7.62,73.97,2345.05,1.09,156.98,933.98,1.07,23.02,1.69,1
7.03,89.52,1819.64,0.76,225.06,713.81,2.82,45.77,1.22,1
7.38,150.68,5244.11,1.78,101.07,677.18,8.34,47.29,0.87,1
7.77,72.72,909.06,1.32,241.32,339.64,2.75,27.27,0.56,1
8.04,77.58,8155.41,1.65,186.18,637.18,1.67,46.32,0.15,0
6.72,117.51,2736.22,1.42,300.01,955.98,6.19,42.69,0.36,1
7.8,79.62,880.0,1.07,166.52,892.04,2.14,34.52,1.29,1
6.8,150.07,5477.12,1.03,257.43,428.58,3.37,15.05,1.99,1
8.22,117.96,1130.26,1.35,115.09,661.63,1.13,2.14,0.38,1
7.13,93.24,8281.43,1.95,151.85,824.85,5.18,20.97,0.92,0
7.6,147.45,2692.25,0.39,181.6,902.48,5.92,42.32,1.63,1
7.56,178.91,7106.06,0.58,239.93,524.75,2.68,11.87,0.46,1
8.15,185.78,7079.68,0.64,120.36,304.1,6.79,44.25,1.66,1
7.2,163.52,2008.32,1.75,275.59,818.55,2.05,12.95,1.26,1
8.36,86.29,5340.22,0.45,295.46,729.08,3.78,19.59,0.83,1
8.19,129.98,2706.75,1.55,180.99,422.36,8.94,27.24,0.45,1
8.33,106.42,6783.89,0.39,233.91,503.7,3.26,12.34,0.44,1
7.35,182.28,2338.71,1.09,111.38,633.86,6.04,35.46,1.97,1
8.34,190.13,8199.38,1.14,312.56,359.28,1.2,26.42,1.14,0
6.79,159.6,2649.05,1.23,153.44,627.66,2.03,19.32,0.8,1
8.08,99.33,4092.68,1.68,226.52,288.16,2.71,2.26,0.71,1
7.85,107.98,7192.89,0.87,202.36,787.49,6.41,23.5,1.79,1
6.51,79.99,7812.45,1.79,336.28,256.81,6.79,48.13,0.18,1
8.27,66.09,1566.18,0.13,170.28,723.74,8.63,40.47,1.54,1
8.14,160.82,2214.54,0.07,173.45,233.33,4.66,22.53,1.21,1
8.23,164.23,3542.06,1.84,159.82,762.61,3.83,40.78,0.29,1
8.41,189.35,3282.56,0.2,325.1,229.82,7.9,32.43,0.29,1
6.74,144.33,1089.48,1.89,281.32,956.24,9.58,41.45,0.27,1
6.63,152.38,6494.45,1.42,197.29,636.75,3.09,22.79,1.75,1
7.99,82.06,3864.29,0.87,340.18,266.33,6.6,45.34,1.77,1
7.06,165.05,8148.78,0.15,112.71,758.58,1.12,16.33,1.82,0
8.07,170.17,1985.36,1.89,218.45,479.87,2.61,25.42,0.44,1
8.27,199.2,2028.45,0.45,300.66,701.09,3.73,12.97,0.64,1
6.83,182.11,2894.54,1.41,315.05,536.01,6.86,24.98,1.76,1
8.2,187.09,7500.6,1.11,185.7,243.52,3.14,47.32,0.77,1
6.9,183.16,2396.11,1.27,336.82,218.91,9.34,22.74,1.05,1
8.05,99.84,1194.17,1.24,106.23,747.5,5.25,11.07,1.56,1
7.99,64.74,1488.61,0.83,234.58,923.48,4.38,46.23,1.24,1
8.01,79.66,2605.31,0.42,104.48,444.27,1.59,5.47,1.38,1
8.3,77.56,5963.57,0.33,276.52,679.36,1.35,10.25,1.92,1
6.71,134.77,7462.75,1.83,184.12,721.95,7.34,6.0,1.39,1
7.75,83.07,6993.82,1.96,159.06,565.38,4.25,27.5,1.62,1
7.43,66.18,8581.38,1.65,194.83,512.17,7.87,5.15,0.91,0
6.74,82.01,9252.96,1.81,183.96,345.16,9.25,19.36,1.78,0
7.0,77.89,1434.38,1.47,249.24,507.92,3.61,24.27,1.3,1
7.16,102.0,1989.36,1.29,337.09,712.77,7.05,25.69,1.09,1
7.97,63.69,2747.58,1.54,300.86,491.02,8.8,24.54,1.67,1
8.29,57.43,9335.42,0.19,330.92,260.88,4.15,25.78,0.39,0
8.45,115.8,7721.99,1.83,329.29,804.36,6.32,40.25,0.43,1
8.15,127.91,5043.3,0.4,309.87,209.95,2.16,45.68,1.17,1
8.36,173.97,6440.48,1.34,183.49,372.24,6.08,1.85,0.13,1
7.18,154.53,6107.67,0.44,252.22,679.44,5.62,2.06,0.87,1
8.43,122.4,7619.84,0.06,165.71,388.08,3.35,13.79,1.98,1
8.42,161.69,7368.6,0.07,170.42,964.63,7.59,48.88,0.66,1
7.1,176.99,9652.31,0.08,246.37,842.71,2.42,11.39,1.08,0
8.18,138.84,3224.83,1.64,260.0,402.21,6.89,18.76,1.91,1
7.68,115.38,8005.3,0.84,129.35,205.92,9.19,45.12,0.37,0
7.3,195.09,2276.22,0.89,294.04,942.13,8.24,42.1,0.33,1
8.26,160.93,2921.28,0.3,141.38,401.4,8.4,8.69,0.16,1
7.55,70.08,950.32,1.0,217.33,915.54,2.88,40.9,0.67,1
6.54,111.87,1122.99,0.7,272.1,655.13,8.6,3.47,1.27,1
7.14,181.56,7874.18,0.32,150.67,996.87,7.17,40.08,0.56,1
8.24,157.7,4917.29,1.36,225.67,688.84,7.13,10.32,1.03,1
7.74,101.6,2513.89,0.83,227.35,609.59,7.18,47.36,1.57,1
8.34,141.03,2923.16,1.27,325.75,440.93,6.54,43.94,1.06,1
8.22,157.42,1495.97,1.15,197.86,687.28,3.78,34.66,0.72,1
7.57,96.78,1208.86,0.93,272.09,214.81,2.15,34.78,1.53,1
8.46,146.99,9086.05,0.38,309.5,981.26,9.27,33.11,1.96,0
8.18,93.67,5696.76,0.62,324.38,637.31,4.91,12.61,0.71,1
7.31,194.73,1257.49,0.85,252.14,641.3,1.34,6.14,0.42,1
6.6,190.76,8205.28,1.06,295.17,823.1,6.88,18.39,1.79,0
7.92,53.24,2230.04,1.73,334.79,233.56,3.18,14.87,1.27,1
8.39,101.81,3292.16,1.51,166.08,869.76,7.57,16.48,0.57,1
7.76,51.94,9704.59,0.65,246.64,263.69,1.01,17.26,1.1,0
7.12,182.68,2107.2,1.12,311.36,793.53,6.8,24.51,1.63,1
8.14,70.01,5493.73,1.87,149.5,643.49,6.98,7.4,0.72,1
6.57,196.82,2982.09,0.93,313.39,930.62,3.03,42.2,1.55,1
7.61,156.98,4119.18,0.25,213.79,393.5,3.65,33.87,0.61,1
7.59,113.86,897.16,1.25,176.66,686.17,8.85,3.6,0.58,1
7.16,117.14,6451.5,1.05,283.65,966.79,5.24,7.01,0.27,1
6.66,139.45,3506.42,1.51,245.94,919.58,1.95,11.3,0.25,1
7.55,97.46,5779.93,1.3,170.7,565.7,6.09,30.08,1.16,1
7.44,112.87,1463.15,1.16,276.09,827.44,8.2,31.39,0.34,1
6.98,120.37,3124.28,0.99,269.76,701.84,8.31,33.21,1.27,1
8.09,189.44,7575.92,1.13,268.17,463.48,2.13,18.78,0.21,1
7.15,88.73,7967.43,1.21,220.88,208.57,7.17,1.98,1.12,1
6.68,140.77,8744.35,1.75,250.15,653.55,7.7,22.29,1.65,0
6.8,180.22,3179.95,1.7,275.22,329.54,1.91,32.02,1.78,1
6.8,106.89,8761.68,1.81,191.86,410.26,3.49,12.3,1.03,0
7.49,116.55,3362.5,0.79,128.78,627.55,5.71,0.48,1.69,1
8.49,104.76,1908.9,0.53,126.8,544.42,5.33,36.53,1.34,1
6.73,164.71,1483.7,0.15,187.22,779.26,1.48,46.53,0.59,1
7.96,146.54,2997.17,1.48,274.07,849.55,4.72,2.38,1.31,1
8.47,86.11,5953.46,1.85,307.55,877.66,1.03,15.46,0.41,1
7.68,74.34,1835.54,0.71,318.92,885.72,7.88,17.95,1.49,1
7.42,100.55,4423.98,0.55,171.9,236.68,3.2,46.5,0.88,1
6.63,185.99,8896.65,0.36,346.86,388.3,6.02,2.39,1.89,0
7.62,177.27,4625.19,1.65,221.64,665.02,9.38,5.88,1.42,1
7.93,158.96,2160.11,1.84,163.95,413.61,8.84,32.0,1.01,1
6.63,151.83,8761.8,1.55,205.33,743.56,8.72,35.4,1.53,0
7.83,158.33,6178.48,1.68,290.97,904.22,7.92,0.48,1.12,1
7.03,154.06,5787.93,1.05,283.02,899.31,1.17,41.02,0.61,1
6.67,105.31,1416.27,0.25,304.46,229.19,4.29,18.52,0.24,1
6.94,156.36,640.63,0.57,257.0,335.48,1.08,7.43,0.66,1
6.93,98.55,8669.46,1.19,309.91,384.97,4.05,29.1,1.64,0
8.38,123.68,1877.48,0.32,107.48,647.75,9.3,19.55,1.26,1
6.62,182.69,6622.32,1.88,349.56,915.0,1.57,40.09,0.55,1
7.38,86.67,3111.05,0.25,176.43,222.68,3.11,2.87,0.91,1
6.98,179.26,2195.91,0.39,177.69,816.53,9.34,28.67,0.47,1
8.19,51.52,6301.81,1.65,331.28,496.88,4.92,21.86,0.85,1
6.87,58.95,2295.57,0.27,229.45,649.01,7.45,42.19,1.37,1
6.52,187.02,6981.19,1.14,143.74,499.13,6.86,11.47,0.42,1
7.91,98.44,4692.65,0.63,278.11,861.18,6.07,16.76,1.89,1
7.17,137.65,1904.19,0.3,228.73,967.14,8.26,32.29,1.42,1
6.58,126.67,5464.92,0.45,259.26,853.83,3.54,38.38,0.77,1
8.4,165.54,9657.44,0.79,250.8,314.27,1.81,27.36,1.26,0
7.23,114.4,4726.74,1.37,272.2,577.58,1.64,5.63,0.82,1
7.83,112.25,8929.74,1.37,166.52,404.5,5.01,12.28,1.54,0
8.01,183.59,7118.32,0.8,249.38,523.78,5.78,3.14,0.53,1
7.62,79.35,624.99,1.78,311.43,569.19,9.34,37.43,1.6,1
7.88,90.79,4634.35,0.11,170.99,577.04,1.52,13.69,0.5,1
7.43,77.14,9232.79,0.12,340.13,248.32,5.68,45.96,0.63,0
7.22,108.89,7494.71,1.31,223.7,967.81,8.68,33.39,0.42,1
7.14,162.85,2937.27,0.73,242.27,459.09,8.89,41.04,1.67,1
6.52,158.92,3628.22,0.69,160.89,840.58,5.2,42.28,1.65,1
6.91,193.91,2396.45,1.55,118.56,903.75,1.41,29.11,0.72,1
7.91,131.02,6911.67,0.13,311.0,822.96,2.53,0.39,1.58,1
7.73,108.51,7105.67,1.65,161.51,636.81,8.32,16.56,0.2,1
7.96,106.44,7851.05,0.83,171.12,423.37,8.86,34.03,0.71,1
7.04,58.4,3146.88,1.17,168.59,216.77,9.86,7.56,0.58,1
8.0,154.08,1370.91,0.92,255.83,509.75,9.0,42.87,0.26,1
7.55,100.19,4720.04,0.88,146.66,614.39,9.54,38.34,1.89,1
7.3,138.21,7538.82,0.65,138.68,767.02,8.15,30.08,1.74,1
8.22,157.67,5253.87,0.81,110.06,274.79,7.5,16.15,0.49,1
6.58,197.57,9207.1,1.8,281.05,201.77,1.6,40.61,0.96,0
6.57,76.57,3051.13,0.98,126.33,908.16,4.46,32.88,0.49,1
8.41,109.65,1105.69,0.31,122.69,520.55,8.56,35.47,0.67,1
6.84,147.25,6444.19,1.48,204.26,839.43,7.47,49.27,0.58,1
6.68,119.81,1878.52,1.9,242.0,385.33,5.36,16.6,0.22,1
7.87,88.29,2109.54,1.92,251.43,485.25,2.45,35.2,0.3,1
6.86,194.78,7708.17,0.45,253.23,684.2,6.85,29.7,0.94,1
7.02,167.35,2036.96,1.11,295.09,764.97,2.04,6.34,1.88,1
8.39,142.3,9983.22,0.5,165.79,563.72,4.05,40.34,0.75,0
8.18,140.11,7509.5,1.81,135.98,297.06,4.29,1.12,1.39,1
8.21,61.84,2536.74,1.81,272.02,997.22,3.62,33.94,1.26,1
6.52,108.87,5719.63,1.93,302.35,755.74,9.98,28.97,1.8,1
6.56,61.58,1917.22,0.75,275.77,703.11,3.59,4.84,1.69,1
7.68,93.05,8968.48,1.97,131.83,319.75,5.06,1.09,1.28,0
8.02,50.72,6164.46,0.44,269.22,346.84,7.47,2.74,1.91,1
7.16,80.42,1540.23,1.32,241.13,891.87,4.67,28.89,0.71,1
7.69,147.22,4152.86,1.94,122.99,584.41,8.9,6.63,1.28,1
7.39,74.53,7900.92,1.74,258.47,212.7,6.74,49.24,1.86,1
7.74,110.78,7037.22,1.91,259.32,545.93,4.1,28.78,1.53,1
7.33,150.38,9367.32,0.07,273.07,925.89,6.42,45.1,1.9,0
6.5,68.88,5539.93,1.28,116.46,717.77,3.97,2.9,0.42,1
7.13,61.02,6736.81,1.23,119.71,605.27,5.37,33.62,1.83,1
7.36,188.58,4344.5,0.92,116.07,946.9,7.21,18.11,0.27,1
8.0,53.25,4073.12,0.95,232.9,701.03,7.95,22.43,1.53,1
8.5,119.26,9329.88,0.67,101.39,547.7,9.51,27.54,1.61,0
7.08,66.86,6901.18,1.22,155.27,799.48,4.2,45.21,1.71,1
8.14,152.17,6820.85,0.48,326.99,371.41,9.46,36.11,1.68,1
7.55,107.07,9844.27,1.45,341.11,675.23,1.11,36.44,0.44,0
8.19,144.09,9117.89,0.14,343.07,687.57,7.3,29.11,1.62,0
8.0,186.29,6041.55,1.16,160.78,959.15,4.31,7.71,1.48,1
7.69,103.25,7165.46,1.87,281.03,812.21,8.85,4.43,1.15,1
8.21,127.45,9480.94,1.58,200.98,288.25,8.66,41.86,0.49,0
7.41,105.91,3725.82,0.42,243.52,500.55,8.33,39.75,0.27,1
6.93,164.98,749.11,0.19,186.02,797.25,5.32,21.43,0.45,1
8.45,56.25,8969.37,1.78,265.55,435.74,3.91,1.56,0.7,0
6.7,81.91,1346.1,0.78,129.06,531.82,8.13,43.37,0.18,1
6.96,199.1,2227.41,0.63,320.69,634.47,6.39,41.86,0.79,1
7.18,192.11,8649.48,0.05,193.94,845.71,8.96,7.92,0.84,0
8.45,173.63,3331.75,1.3,143.22,662.55,1.85,28.52,1.14,1
6.66,131.41,3198.46,0.94,116.4,548.33,2.61,47.89,1.47,1
7.41,143.15,2142.01,0.16,190.9,526.54,9.38,10.19,0.28,1
7.31,117.02,7513.53,1.87,149.09,582.17,5.88,43.98,0.51,1
6.51,57.76,8505.12,1.05,226.68,905.47,3.21,6.86,1.31,0
8.22,69.52,9843.55,1.34,163.91,421.43,1.21,49.8,1.18,0
6.87,84.09,1881.71,0.27,213.65,488.5,8.99,45.93,1.34,1
7.68,176.47,1603.22,0.56,227.22,743.12,9.71,1.93,0.86,1
6.55,131.18,5923.45,0.39,154.22,323.85,7.04,21.07,1.92,1
7.15,95.32,6098.77,0.24,161.82,572.75,8.15,6.82,0.58,1
7.49,159.08,9071.01,0.56,149.19,727.98,9.4,46.68,1.02,0
6.84,198.2,4314.75,0.63,273.93,256.82,2.53,30.15,1.41,1
7.16,189.11,7971.6,0.65,242.02,919.95,8.4,35.02,0.24,1
6.9,135.49,884.35,1.38,101.46,787.38,3.74,9.24,0.1,1
7.0,187.61,1909.04,0.79,228.27,799.69,1.76,35.33,1.78,1
6.93,98.14,9241.81,1.36,345.83,429.11,8.75,8.44,1.09,0
8.38,175.56,614.28,1.66,221.93,557.5,7.24,10.41,0.43,1
7.1,151.58,7491.54,0.98,114.04,928.73,2.01,47.79,1.5,1
8.5,79.56,5607.92,1.41,124.65,561.11,5.93,24.79,1.99,1
8.09,151.02,7491.54,1.69,110.83,227.54,9.63,44.41,1.28,1
7.93,157.52,5105.82,0.77,217.5,524.31,4.3,7.75,0.68,1
7.16,140.28,6299.38,1.27,177.78,702.69,7.74,38.88,1.08,1
7.27,185.42,7888.4,1.85,240.14,218.8,9.76,1.15,0.8,1
8.24,102.44,3886.83,1.57,323.22,550.48,4.2,35.23,0.82,1
7.36,107.84,5519.75,1.09,136.64,294.68,5.8,7.78,0.84,1
8.36,97.81,4625.75,1.36,201.29,940.25,5.43,3.34,0.76,1
6.83,151.57,5305.23,1.66,265.76,480.09,8.38,1.66,0.11,1
7.57,63.56,8208.26,1.63,148.63,901.32,8.77,33.03,1.53,0
6.91,142.66,3627.95,0.92,288.01,925.69,8.05,30.68,0.23,1
6.8,51.24,8741.9,1.43,128.16,592.3,6.9,12.51,1.7,0
6.67,95.35,9713.95,1.37,285.99,460.43,3.84,38.52,1.94,0
8.09,184.41,7994.53,0.37,287.62,823.79,6.75,4.87,1.97,1
6.84,110.73,3355.33,1.34,289.99,367.75,4.8,45.33,1.19,1
7.25,91.81,8970.31,1.79,146.42,902.98,6.72,28.27,1.26,0
7.0,169.46,1041.12,1.79,246.93,252.99,3.46,23.42,0.74,1
7.06,65.81,9585.5,0.79,229.71,863.43,3.76,43.88,0.64,0
7.38,96.93,7099.63,0.68,202.65,586.53,1.08,43.09,0.57,1
8.06,85.14,3385.75,1.19,161.26,965.85,3.4,33.98,1.46,1
6.65,65.08,781.43,1.04,269.56,717.35,2.17,35.93,1.82,1
7.7,123.92,7838.63,0.27,139.29,452.93,6.8,36.73,0.98,1
6.73,127.76,6653.97,1.57,160.06,338.31,5.32,37.3,0.45,1
8.48,199.58,797.87,1.08,267.63,217.87,3.59,7.63,1.45,1
6.68,125.77,9929.36,0.56,162.43,793.32,8.13,0.81,1.49,0
8.23,191.33,4534.42,0.43,139.61,345.39,9.83,12.38,1.75,1
7.38,153.17,7762.81,0.66,142.15,917.75,1.71,3.55,1.43,1
6.73,94.45,3737.85,0.81,276.56,838.85,4.47,4.3,1.1,1
7.24,53.78,1593.88,0.13,313.78,281.12,8.25,18.26,0.74,1
7.24,81.24,6587.28,0.07,343.44,858.14,6.03,21.43,0.16,1
7.94,61.89,6439.65,0.0,307.85,842.5,3.18,40.27,0.16,1
7.66,55.88,6195.94,1.17,164.02,982.71,8.46,42.63,0.72,1
8.06,171.97,4472.84,1.38,181.37,548.67,2.99,37.21,0.63,1
7.71,156.73,8395.49,1.92,241.96,409.04,3.12,43.75,0.12,0
8.14,156.45,5683.31,0.78,102.72,735.68,9.79,5.38,0.44,1
7.63,106.15,7412.06,0.56,218.09,502.05,3.16,30.09,1.87,1
6.62,106.73,7703.32,0.34,222.16,734.14,7.55,3.7,1.86,1
7.62,123.39,4863.9,0.97,204.57,708.63,7.37,30.49,1.96,1
7.3,95.74,4713.49,1.95,220.96,974.56,6.97,49.7,0.18,1
7.32,64.05,6140.74,0.02,105.94,778.31,2.95,25.25,1.5,1
8.04,80.14,3405.25,0.44,277.32,387.08,6.52,48.39,0.65,1
7.92,196.82,6429.09,1.9,284.72,652.03,4.79,46.57,1.24,1
7.78,104.89,2000.51,0.91,283.07,691.69,9.81,37.68,1.51,1
8.19,176.69,5323.55,1.67,253.8,766.46,4.41,11.67,1.32,1
7.24,182.87,721.09,0.23,172.2,724.62,5.32,40.49,0.45,1
7.25,70.96,1302.72,0.43,108.0,324.78,2.59,41.11,1.68,1
8.33,93.99,6182.68,1.43,171.24,984.99,4.84,7.6,0.29,1
6.65,83.07,4793.21,1.43,161.83,644.13,1.15,43.96,0.83,1
6.56,154.84,4443.6,0.24,100.92,927.99,1.04,18.66,0.58,1
6.72,62.28,5506.12,1.18,160.89,610.57,8.04,42.39,1.27,1
7.47,105.84,2052.55,1.54,192.26,818.59,8.21,30.06,1.04,1
7.17,146.06,3251.61,0.84,118.38,828.97,4.85,32.54,1.73,1
7.53,186.75,5276.19,0.45,318.98,651.93,5.38,10.82,0.48,1
6.62,161.95,3584.26,1.31,244.22,973.19,8.2,33.74,1.12,1
7.28,128.27,5623.65,1.29,176.66,700.65,8.66,49.83,0.7,1
7.35,152.79,6063.0,1.95,245.9,611.04,3.16,2.63,0.22,1
7.82,118.58,5637.48,0.05,148.23,227.66,2.38,44.92,0.56,1
8.44,161.31,3078.21,0.26,238.93,507.76,6.98,32.91,0.86,1
7.13,67.43,1058.78,1.17,292.36,698.18,9.55,46.8,1.64,1
7.03,95.36,8291.17,1.97,192.95,919.55,7.85,28.72,1.54,0
6.51,116.64,937.62,1.51,110.75,344.2,4.12,39.48,0.86,1
7.15,166.21,1350.13,0.48,289.9,219.97,9.63,17.45,0.58,1
6.86,147.14,4354.63,1.13,175.95,302.84,3.92,34.48,1.67,1
6.63,55.43,3854.89,0.25,108.16,286.86,2.02,35.9,1.93,1
7.99,196.34,6080.09,1.04,155.15,331.78,2.47,43.91,1.38,1
7.75,181.75,6165.48,1.79,297.31,477.75,3.32,44.54,0.11,1
6.65,120.78,649.55,0.42,192.3,232.83,2.69,1.05,1.98,1
7.08,154.78,6815.35,0.77,225.14,277.39,4.02,38.97,1.04,1
8.35,54.94,5833.52,0.41,130.07,203.61,1.14,13.53,1.04,1
8.03,67.28,9262.05,1.15,295.85,806.98,8.14,28.92,0.83,0
7.64,65.04,8328.66,1.26,329.16,788.05,5.02,20.0,0.61,0
7.58,181.7,8125.99,1.25,262.53,653.92,4.62,29.08,0.14,0
6.87,144.47,5603.88,0.74,292.77,856.43,1.3,34.53,1.92,1
7.96,70.61,1877.24,1.59,239.4,523.23,4.77,23.7,1.37,1
7.29,108.91,8948.73,1.91,142.29,224.98,2.14,35.44,1.65,0
6.7,67.53,9625.96,0.22,258.74,206.16,1.58,34.43,0.35,0
7.94,89.81,6548.71,1.12,268.7,994.05,2.48,0.67,0.15,1
7.83,104.35,879.12,1.34,183.14,855.82,8.5,29.24,1.62,1
7.71,157.89,8767.02,0.68,254.14,881.55,4.01,33.99,0.77,0
7.34,89.78,3789.29,0.03,162.94,980.91,2.7,21.78,0.68,1
7.92,129.79,1687.25,1.36,209.09,625.48,9.91,38.29,1.1,1
8.05,155.46,9605.38,1.2,338.96,460.86,6.5,36.62,1.76,0
8.48,53.23,4498.72,0.48,149.72,934.58,3.86,17.65,1.13,1
7.13,151.14,4378.9,1.46,217.76,976.62,2.81,25.67,0.96,1
6.99,81.4,5134.48,1.36,243.43,632.87,7.17,25.06,0.37,1
8.07,102.93,5367.82,0.79,289.79,567.37,3.04,2.26,1.92,1
7.34,79.25,5659.92,0.95,285.71,527.87,5.42,25.51,1.07,1
8.23,106.77,9811.81,1.44,100.46,837.98,1.09,44.39,1.84,0
7.58,174.54,8125.08,1.84,144.64,271.86,1.26,17.13,1.85,0
8.01,93.15,8047.58,1.91,200.66,504.07,8.74,23.62,1.5,0
8.16,127.3,1428.98,1.87,340.26,721.25,8.58,9.77,1.44,1
7.91,70.04,3118.98,1.13,260.89,728.39,2.75,16.09,0.39,1
7.77,124.17,2897.41,0.96,270.82,351.88,5.77,34.71,1.77,1
7.05,68.76,1182.75,0.44,206.46,860.08,8.81,48.87,0.86,1
7.65,135.6,4998.06,0.52,287.48,825.4,1.4,18.92,0.3,1
6.53,124.55,2842.1,1.36,114.1,369.88,4.13,11.08,1.04,1
7.0,117.88,7250.94,1.31,333.5,221.61,4.25,6.96,1.49,1
7.69,143.05,4665.6,1.02,164.86,919.48,5.01,41.57,1.4,1
7.17,88.44,7731.32,0.59,333.75,277.35,7.76,48.2,1.6,1
7.6,117.89,9437.72,1.55,313.01,511.76,3.35,37.42,1.56,0
7.93,151.58,1415.64,1.09,115.93,809.68,1.78,43.89,0.98,1
6.82,182.82,3698.39,1.16,298.31,300.01,5.55,19.2,1.41,1
6.67,80.34,4762.55,0.78,279.26,793.32,5.89,29.85,1.87,1
8.29,126.24,2117.2,1.72,178.68,930.65,1.74,12.56,1.08,1
7.4,159.06,9141.88,0.44,237.61,205.43,7.88,24.4,1.33,0
7.93,132.09,3602.43,1.09,129.23,530.46,7.24,24.04,1.62,1
6.7,69.63,2989.77,1.46,113.64,907.87,4.36,17.64,0.58,1
7.94,83.17,4879.62,0.93,162.59,503.15,8.27,40.37,0.74,1
7.59,146.4,830.17,0.02,105.33,985.21,6.04,49.98,0.93,1
6.62,122.3,7704.24,0.53,196.0,862.24,7.37,9.09,1.6,1
6.96,130.37,4685.88,1.75,101.08,867.12,9.82,46.06,1.93,1
7.25,117.18,2149.11,0.59,122.46,273.4,6.24,2.59,1.63,1
7.97,184.78,7925.0,0.41,280.63,698.81,8.41,39.54,0.55,1
8.08,134.18,9899.52,1.91,114.42,923.51,9.22,11.26,1.7,0
7.71,169.16,3307.0,0.79,226.08,645.91,8.68,28.35,0.45,1
6.81,170.09,8086.79,0.4,317.25,817.3,1.35,9.93,1.11,0
7.98,138.67,9715.81,0.23,179.72,380.07,6.08,19.53,1.02,0
7.5,159.3,4461.67,0.04,336.39,793.5,6.94,4.19,1.15,1
7.22,141.42,9265.63,1.91,339.95,338.74,8.19,32.44,1.45,0
7.1,88.2,2998.77,0.43,275.41,377.81,4.97,16.97,0.71,1
8.23,184.13,3370.03,1.44,303.57,439.93,7.36,36.76,0.67,1
7.83,172.37,4436.43,1.16,254.14,345.22,8.22,35.59,1.0,1
8.17,79.25,9312.73,1.25,208.68,640.01,9.93,6.18,0.84,0
8.4,125.69,5052.92,1.4,336.6,883.07,5.41,12.58,1.71,1
7.7,182.58,6359.15,1.0,307.27,957.76,4.18,8.2,1.73,1
7.5,154.8,2157.1,0.37,282.21,632.7,9.91,48.47,0.75,1
7.58,146.43,8799.69,0.36,318.87,818.15,9.43,17.98,0.48,0
7.77,186.2,922.23,1.67,170.99,769.09,4.2,33.17,1.98,1
7.31,79.86,6131.22,0.04,236.99,892.05,7.4,45.73,1.56,1
7.1,182.76,3874.24,0.04,241.47,255.57,7.75,31.78,1.72,1
7.07,197.49,4443.81,1.44,313.95,580.9,8.22,33.06,0.78,1
6.51,149.11,8749.84,1.85,228.61,627.02,3.31,1.93,0.4,0
8.48,81.23,4831.49,1.05,194.32,715.35,4.05,9.82,1.69,1
7.69,88.8,1894.91,1.2,298.04,788.98,7.45,27.82,0.49,1
7.29,177.59,2484.8,0.18,115.7,894.57,8.73,22.51,0.92,1
8.44,112.8,4730.44,0.1,256.92,474.91,9.62,2.28,1.68,1
6.91,66.92,5233.84,1.61,142.08,630.71,5.29,27.7,0.83,1
6.94,180.75,4938.07,1.56,311.41,756.18,6.17,42.23,0.92,1
6.87,147.67,4665.47,0.66,206.26,936.71,3.47,33.13,0.78,1
7.46,170.78,3355.82,1.84,150.76,332.73,7.21,29.37,0.12,1
7.04,122.54,6682.12,1.22,329.87,549.15,4.94,10.78,1.45,1
7.63,77.56,7381.14,1.02,106.15,707.56,2.84,49.99,1.23,1
7.43,97.32,2551.9,0.9,274.3,560.61,2.67,19.22,1.3,1
7.71,66.29,5556.32,0.72,102.72,884.28,5.11,1.05,0.22,1
6.8,142.05,5432.2,0.91,208.04,694.19,3.83,16.84,0.54,1
7.65,178.73,4785.38,0.17,181.96,719.58,4.68,22.05,0.78,1
7.9,82.79,3642.66,0.91,348.75,975.78,7.09,7.11,0.16,1
7.72,130.86,8501.17,0.66,113.71,525.24,8.93,8.37,1.17,0
6.58,121.14,883.9,0.2,199.81,363.05,2.45,5.8,1.94,1
6.78,91.85,3547.51,1.58,138.16,219.03,9.31,26.88,1.56,1
7.77,73.24,4684.25,0.39,230.2,410.38,4.05,1.5,0.59,1
7.07,142.95,6841.28,1.86,286.86,563.29,4.11,42.53,1.74,1
6.57,119.49,3639.31,0.99,311.59,584.17,7.96,4.42,0.49,1
8.4,147.66,8195.59,0.83,125.18,888.93,5.26,38.71,1.52,0
8.27,177.86,9992.67,1.56,157.77,264.64,4.84,22.75,1.52,0
7.83,78.02,4326.03,0.05,227.79,858.0,9.14,32.75,0.48,1
6.57,185.4,3579.86,0.48,161.28,739.98,1.84,45.73,1.81,1
7.36,85.79,8258.49,0.98,233.62,310.15,9.9,5.54,0.23,0
7.69,159.37,9083.83,1.32,267.63,939.53,4.51,31.46,1.4,0
7.83,156.28,3858.01,0.29,210.1,483.29,9.07,1.85,0.29,1
8.19,70.99,3111.55,1.89,290.9,842.91,1.4,31.79,0.75,1
7.68,96.81,7556.28,1.34,153.65,274.26,2.55,49.13,1.2,1
7.64,52.96,4872.98,1.55,268.88,992.5,5.46,12.52,1.59,1
7.65,158.2,8544.14,1.82,212.81,378.81,6.14,38.29,0.7,0
8.32,192.23,8393.84,1.7,199.8,495.48,4.64,34.62,0.67,0
7.58,105.66,2562.2,1.81,228.47,839.62,8.25,44.62,1.84,1
8.08,177.56,6396.39,1.33,345.31,460.65,6.71,43.7,1.85,1
7.75,50.98,643.75,1.45,238.42,267.09,6.5,4.75,0.28,1
7.74,75.11,8985.22,0.32,148.68,492.89,7.11,22.34,0.4,0
8.44,61.18,7671.65,1.44,285.49,500.83,7.6,42.17,0.63,1
7.48,128.16,865.98,0.8,168.43,748.42,8.02,10.52,0.14,1
7.8,176.5,2479.57,0.86,104.1,557.18,8.77,40.66,0.39,1
7.97,60.26,8324.9,1.6,121.78,570.5,2.73,42.8,1.86,0
8.31,62.26,6044.54,1.81,343.02,253.05,8.42,41.97,1.23,1
7.89,95.07,9401.94,1.56,170.37,274.4,1.51,47.31,0.24,0
8.28,57.82,6249.51,0.57,130.11,533.27,6.01,38.09,1.91,1
6.65,102.06,6745.85,0.47,205.44,991.82,6.26,35.58,1.89,1
6.6,115.88,9744.25,0.02,189.58,219.03,8.6,19.93,0.52,0
7.23,103.67,7470.92,1.32,225.72,812.84,7.04,6.03,1.05,1
6.76,198.42,1874.79,0.63,222.28,245.37,5.69,20.68,1.09,1
8.0,177.04,2259.71,1.43,339.96,885.28,1.81,45.25,1.59,1
7.57,138.56,7918.57,1.11,143.37,236.89,2.38,27.94,1.58,1
8.35,142.9,6697.32,0.96,329.43,775.43,1.21,40.66,1.58,1
8.4,169.77,731.07,1.76,106.74,488.91,8.63,3.43,0.83,1
7.32,171.99,1789.93,1.68,169.51,967.87,3.57,0.81,0.3,1
7.72,152.58,3793.08,0.76,292.87,333.04,5.7,10.38,1.43,1
6.71,176.94,2600.15,0.67,248.08,476.39,4.15,7.66,1.88,1
6.97,114.94,6943.83,1.0,290.05,465.03,9.37,21.71,0.42,1
7.49,90.71,1027.15,1.39,340.05,437.33,3.94,22.51,0.27,1
6.96,147.93,5992.45,0.63,287.41,903.84,5.99,12.7,1.17,1
7.66,189.21,8935.22,0.17,274.3,403.83,6.47,37.22,1.99,0
7.31,111.25,2484.73,1.03,326.38,239.16,1.13,47.86,1.29,1
8.44,85.81,905.31,1.41,302.48,869.27,2.79,20.46,1.38,1
6.95,165.26,4953.67,0.84,292.8,216.15,4.38,7.84,1.47,1
8.22,172.1,4658.28,0.25,146.95,834.45,4.57,8.15,0.31,1
6.97,114.75,9259.53,0.6,100.95,763.72,2.69,25.62,1.43,0
8.35,92.17,1916.72,1.55,168.41,291.93,9.94,32.61,1.12,1
8.0,60.82,2049.63,1.69,344.24,893.75,3.38,9.12,0.23,1
8.24,194.42,4439.29,0.68,206.6,861.38,4.54,19.94,2.0,1
7.35,115.24,1572.89,0.5,281.12,507.68,5.18,32.6,1.7,1
6.86,71.43,944.19,0.32,317.79,983.67,2.44,11.91,0.44,1
7.35,109.23,7483.28,0.11,238.36,530.34,1.45,10.05,1.28,1
7.86,94.52,2012.45,0.01,169.01,816.71,8.92,10.9,0.48,1
7.93,152.63,7386.43,1.26,127.58,653.26,4.23,3.3,1.67,1
7.13,63.18,6282.87,0.46,269.16,915.17,4.74,6.36,0.41,1
7.93,111.21,6120.52,1.38,235.66,547.75,4.21,37.79,0.92,1
7.66,70.98,9694.78,0.86,101.1,742.29,9.99,26.31,0.37,0
7.8,51.66,4670.73,1.15,256.3,722.74,3.21,12.46,0.31,1
6.79,62.48,1043.71,0.52,282.25,844.44,5.88,47.98,0.75,1
8.49,52.98,1124.52,1.56,101.57,463.45,2.06,22.07,0.21,1
6.88,146.28,5861.25,0.74,235.37,882.43,2.46,18.92,1.03,1
6.89,69.72,5773.33,0.51,220.88,965.07,9.87,29.52,0.3,1
8.03,141.7,9483.63,1.28,201.95,898.7,7.55,44.93,0.81,0
6.93,53.07,3210.81,1.63,256.57,727.29,6.67,37.84,1.96,1
7.86,94.71,1210.82,0.24,113.49,218.78,5.17,37.07,1.37,1
6.76,164.8,7862.13,0.03,236.17,719.26,7.28,35.75,0.54,1
7.1,52.97,6610.19,0.66,137.99,978.02,7.66,41.93,1.6,1
8.14,82.19,2666.18,0.94,284.21,866.75,4.91,2.43,0.35,1
8.41,185.99,4490.32,1.41,248.36,488.13,5.37,17.77,1.83,1
7.47,124.96,6527.99,0.16,274.79,449.72,1.7,34.16,0.49,1
8.21,126.81,2324.35,1.5,282.95,808.39,5.99,35.96,0.7,1
7.82,134.04,2429.37,1.88,215.36,345.47,2.87,41.8,1.27,1
6.64,86.95,4121.88,1.19,266.7,680.42,7.11,38.04,1.91,1
7.74,144.96,2691.67,0.03,286.35,720.44,6.15,13.39,0.33,1
7.29,104.06,9600.77,0.37,236.77,467.94,1.19,2.86,1.17,0
8.02,159.68,6390.03,1.35,124.24,755.05,7.34,9.37,1.11,1
7.65,163.22,2599.02,1.63,177.43,597.81,8.09,6.98,1.88,1
7.68,145.65,5426.67,0.27,153.33,661.24,6.61,30.44,1.03,1
8.41,108.6,6662.29,1.36,333.52,852.45,6.76,45.69,0.69,1
7.67,162.3,7423.29,0.61,166.18,959.79,3.74,29.85,1.32,1
7.16,193.72,9702.07,1.3,221.7,813.29,8.94,37.5,1.02,0
8.38,105.08,6051.51,0.11,139.78,524.95,5.9,28.65,1.61,1
6.85,175.52,7680.68,0.76,293.57,276.04,9.25,38.6,1.62,1
7.8,123.01,4517.9,1.27,246.63,560.27,4.32,14.25,0.68,1
7.97,112.61,9597.76,0.83,299.46,300.09,3.98,26.85,1.24,0
7.55,94.14,7903.25,0.94,106.88,702.4,5.71,28.27,1.91,1
6.92,59.77,3839.22,1.77,296.73,639.97,1.65,14.28,0.72,1
7.22,67.72,8962.31,1.99,131.8,715.81,6.34,10.92,1.92,0
7.41,72.06,1256.62,0.39,303.17,742.53,1.21,0.25,0.46,1
6.75,135.64,4906.65,1.21,318.26,356.79,8.7,4.88,1.67,1
6.95,147.37,7913.47,1.71,344.62,669.09,5.9,37.46,1.58,1
6.87,186.62,2823.49,1.54,174.43,419.84,8.56,49.28,1.0,1
8.03,124.2,9204.37,0.86,110.21,700.57,9.23,10.75,0.49,0
6.85,94.62,2869.13,0.39,282.44,726.85,5.66,6.17,1.78,1
7.79,187.26,1335.98,0.57,316.82,754.88,8.05,29.82,0.95,1
7.14,166.91,8931.61,1.85,229.98,447.35,4.7,12.87,1.22,0
6.96,155.49,8808.53,1.67,198.66,883.63,8.72,22.95,1.78,0
6.9,150.61,7020.4,1.54,193.88,628.74,9.28,12.21,0.84,1
6.84,123.1,3541.35,1.91,198.81,801.36,6.02,39.59,1.41,1
7.43,70.63,9049.49,0.23,208.59,639.46,5.56,46.34,1.09,0
7.61,172.45,4693.11,1.56,224.82,425.3,7.07,34.09,1.26,1
7.97,150.16,4013.52,0.49,150.72,799.4,8.1,25.55,1.61,1
7.7,170.09,4343.36,0.92,172.23,829.42,4.0,45.6,0.7,1
8.26,146.91,1123.12,1.38,181.52,805.5,6.85,40.5,1.76,1
6.96,69.0,7870.64,1.09,319.7,680.74,9.14,14.85,0.37,1
7.11,160.5,7487.8,1.86,279.45,488.71,7.18,19.65,1.17,1
8.47,83.32,8493.8,1.9,266.86,269.75,7.19,49.37,0.63,0
7.3,94.83,1886.71,0.64,348.6,735.52,3.78,45.78,0.17,1
7.13,101.35,7430.95,1.47,290.52,827.73,8.62,2.44,0.5,1
7.07,149.41,7798.06,0.73,132.19,783.64,9.1,33.73,0.72,1
7.93,180.19,7417.03,0.87,256.56,294.32,5.24,28.86,1.91,1
7.89,83.58,3552.33,0.19,180.8,480.05,8.47,34.54,0.69,1
7.91,59.41,4388.34,1.86,347.2,718.41,6.33,29.57,0.39,1
6.58,98.71,5467.75,0.58,344.8,575.17,3.21,23.17,1.05,1
7.07,74.08,9416.26,1.12,111.34,677.78,1.33,28.14,1.26,0
7.59,164.19,2748.03,0.14,262.57,784.9,6.46,15.84,1.73,1
7.65,57.72,5611.4,0.36,281.82,974.71,7.39,25.3,1.17,1
7.68,157.89,8029.09,1.21,198.92,247.07,2.21,0.17,0.53,0
7.17,113.13,2037.67,0.08,244.0,968.95,5.31,5.72,1.73,1
8.4,64.25,6459.66,1.55,209.0,603.57,2.75,15.81,1.21,1
7.43,107.39,4498.07,0.87,316.59,542.91,2.36,37.86,1.74,1
6.72,143.64,2809.88,1.84,129.4,816.62,2.08,44.41,1.73,1
8.1,116.59,4903.52,1.62,147.52,356.14,7.16,32.52,1.4,1
7.08,57.21,9439.99,1.35,130.32,998.2,8.71,37.14,0.58,0
6.65,132.12,5765.37,1.61,174.63,601.19,1.74,27.54,0.88,1
8.26,134.81,2951.51,0.73,173.67,544.07,4.62,32.11,0.44,1
7.25,157.71,4901.63,0.56,125.34,392.63,9.43,8.56,1.86,1
8.25,168.32,7906.63,0.09,219.34,839.05,1.68,39.24,1.56,1
8.35,167.71,539.87,0.18,123.85,906.91,5.51,3.17,1.22,1
7.61,149.08,9091.82,1.23,185.69,263.76,9.08,24.68,1.91,0
6.6,93.53,6107.46,1.94,107.94,761.13,1.87,17.9,0.94,1
8.33,180.83,974.06,0.4,224.36,213.25,8.51,39.59,0.93,1
8.25,196.25,9782.73,1.91,185.02,218.6,3.77,18.14,1.44,0
6.78,101.76,9291.82,1.7,203.11,509.97,5.84,36.21,1.42,0
8.15,180.05,5897.43,1.22,128.12,945.42,6.7,26.81,0.46,1
6.52,52.12,9239.16,1.62,312.49,591.38,6.06,34.29,1.18,0
6.92,69.96,7323.64,1.29,103.36,980.4,3.14,26.83,0.79,1
7.68,87.77,7492.26,1.3,165.6,503.22,2.77,10.03,1.99,1
6.74,52.87,6623.02,1.6,271.19,245.87,5.05,22.41,0.3,1
7.36,63.65,3064.31,0.88,166.68,927.86,1.24,28.03,0.7,1
6.85,186.56,9840.85,1.0,139.96,541.49,8.22,29.48,0.84,0
6.67,85.82,5145.18,1.42,160.89,699.45,4.01,1.22,1.91,1
7.41,87.43,8858.58,0.95,217.48,828.45,7.04,46.54,0.75,0
8.45,193.57,9847.11,1.43,152.01,833.02,6.8,22.2,1.65,0
8.4,113.84,7058.81,0.01,143.57,326.73,5.09,29.95,1.83,1
7.45,156.79,1839.99,1.6,169.94,355.96,4.52,43.21,1.63,1
7.48,85.7,7653.16,0.45,236.7,358.88,4.89,4.56,0.3,1
7.66,86.05,4231.67,1.78,275.12,788.78,9.97,12.66,1.42,1
6.54,146.54,1967.77,1.49,188.21,762.64,3.16,9.98,0.92,1
8.08,162.81,3260.63,1.42,292.75,712.07,6.05,5.01,1.49,1
7.2,176.2,6645.51,0.23,204.95,326.97,3.27,11.27,0.99,1
7.62,94.75,5598.34,1.65,120.4,921.5,6.58,46.48,1.9,1
8.06,166.13,8771.14,0.43,240.1,853.6,7.73,2.94,1.05,0
8.09,53.82,1877.75,1.67,226.54,491.0,1.6,7.9,1.44,1
6.89,140.91,9368.63,1.05,164.04,937.83,4.04,0.63,1.39,0
6.61,162.22,4566.23,2.0,134.56,753.23,2.4,26.96,0.27,1
8.12,123.43,4394.79,1.64,279.92,384.0,3.08,42.48,0.53,1
7.42,54.09,2044.38,0.11,134.7,764.98,5.1,42.4,0.71,1
7.53,140.3,2148.34,1.17,167.8,419.92,9.29,42.54,0.7,1
8.28,112.29,8854.63,1.95,330.82,394.66,7.56,47.7,1.94,0
6.73,173.19,5635.32,0.14,311.49,628.9,7.48,17.22,1.39,1
7.09,174.36,4619.43,1.76,278.18,633.39,3.02,40.2,0.24,1
7.28,101.34,3687.03,1.1,340.72,213.44,3.06,49.74,1.22,1
7.48,167.74,6431.3,0.84,184.83,926.87,4.2,27.48,0.3,1
7.64,147.87,3263.0,0.26,312.06,879.01,1.99,23.1,0.36,1
6.59,116.41,4380.53,1.23,227.21,206.79,5.62,47.3,0.67,1
7.55,175.46,8388.49,1.08,205.34,859.22,5.81,16.84,1.34,0
7.23,51.85,7645.27,0.63,226.83,556.45,6.45,31.35,0.9,1
7.2,84.72,2608.87,1.17,194.53,951.84,6.02,2.96,0.99,1
7.93,159.65,7514.41,0.82,326.58,710.43,6.14,42.73,1.31,1
8.25,181.85,7469.43,0.26,233.03,364.1,5.21,5.22,0.97,1
8.36,178.94,4027.15,1.41,262.71,667.58,5.14,15.18,0.67,1
7.39,54.94,517.69,0.79,339.82,841.19,9.12,15.65,0.92,1
7.51,52.87,8890.45,0.84,340.89,469.21,7.05,47.67,1.13,0
7.4,85.83,1307.52,0.97,338.79,679.11,5.6,12.75,0.2,1
7.08,111.69,682.59,0.56,200.23,616.2,9.82,3.33,0.69,1
8.4,120.04,9980.52,1.85,281.24,569.43,9.77,1.32,1.08,0
8.3,174.16,4486.29,1.78,244.8,466.22,2.7,32.19,0.6,1
7.42,101.92,531.76,0.35,146.85,477.36,2.26,25.23,0.37,1
6.82,113.04,8214.12,0.47,188.51,903.4,5.34,18.48,0.76,0
6.69,91.63,7356.8,1.1,225.29,235.0,9.33,15.54,1.36,1
8.24,73.87,5107.78,1.68,192.36,675.67,4.79,36.64,1.02,1
7.18,86.9,2275.12,1.7,205.19,227.18,7.83,29.79,0.21,1
7.45,105.66,4159.2,0.25,208.89,247.24,4.38,9.52,0.8,1
7.56,122.59,2382.93,0.61,310.0,661.47,9.16,2.06,0.28,1
8.31,127.64,7363.39,1.98,157.43,277.45,7.57,22.84,0.55,1
7.58,68.68,7012.01,1.17,177.01,960.64,8.63,36.1,1.36,1
8.31,199.89,3061.91,1.94,189.07,322.4,6.84,38.81,1.8,1
7.15,87.66,2880.32,1.2,169.94,802.7,3.89,47.8,0.17,1
6.7,174.48,9324.19,0.42,303.39,393.57,7.23,43.99,1.0,0
6.77,88.49,581.99,1.44,230.91,755.34,8.86,35.46,0.99,1
7.01,116.23,8160.58,0.38,209.55,344.5,6.58,45.57,0.65,0
6.95,51.41,2362.23,0.48,177.97,841.31,1.78,48.74,0.36,1
7.59,174.19,8642.45,1.53,103.68,213.4,1.92,27.95,1.55,0
6.84,178.26,612.11,1.83,332.23,968.35,9.25,18.91,0.81,1
6.51,157.46,552.19,0.19,299.94,444.19,2.47,16.76,1.88,1
6.73,149.37,4920.3,0.46,199.97,484.44,1.43,45.95,1.68,1
7.96,138.63,3234.24,0.86,281.4,852.66,9.8,34.93,0.43,1
8.29,189.23,1662.83,1.22,343.52,571.41,9.61,18.04,1.59,1
7.78,52.86,1208.94,0.35,204.82,580.22,9.5,10.97,0.63,1
7.42,130.69,920.22,0.47,113.67,672.54,9.84,28.47,0.85,1
8.33,100.62,9126.4,1.32,280.79,657.42,7.25,39.21,0.74,0
7.91,120.86,7835.11,0.13,227.7,830.37,8.8,5.36,0.31,1
7.4,83.06,558.51,1.66,166.22,359.64,2.63,12.24,1.91,1
7.07,52.07,6843.25,0.42,106.75,679.98,7.37,43.93,1.65,1
7.67,141.03,2185.26,0.79,349.55,365.58,2.61,45.77,1.62,1
6.59,70.12,2011.55,1.07,148.53,474.98,7.34,17.76,1.54,1
8.19,191.67,2528.96,1.53,282.42,878.35,5.48,30.65,0.55,1
6.6,145.1,1239.72,1.78,243.75,588.75,4.78,27.84,1.01,1
8.46,67.07,4184.49,1.84,184.15,715.26,2.93,25.56,1.64,1
8.4,57.08,825.82,0.02,177.37,697.46,3.31,17.47,0.3,1
6.54,166.71,4416.56,0.22,114.66,933.87,6.9,38.87,1.62,1
7.39,168.43,1186.61,0.82,249.19,909.52,8.94,39.23,1.2,1
7.73,141.66,5783.38,1.96,134.31,591.19,6.23,27.59,1.84,1
8.05,153.07,7441.28,1.95,202.94,831.73,4.47,19.43,1.89,1
6.78,156.24,6198.98,0.98,320.77,422.03,2.75,30.49,0.51,1
7.79,64.73,3858.94,0.19,259.28,867.98,6.26,30.48,0.87,1
7.89,194.35,2577.24,1.65,333.31,524.88,3.22,49.24,0.62,1
7.33,168.98,9338.07,0.84,293.01,412.91,7.45,3.77,0.26,0
7.01,138.91,8458.54,0.13,164.9,542.1,7.16,39.1,1.18,0
8.41,124.1,8288.95,1.34,192.8,209.28,5.71,24.52,1.31,0
7.79,164.32,1831.21,1.89,239.32,568.96,1.29,6.64,1.53,1
6.88,117.95,1713.14,1.35,312.79,448.05,3.44,45.07,1.36,1
6.81,119.05,8209.84,1.68,155.46,285.24,5.56,30.9,0.76,0
6.9,162.91,8816.75,0.43,238.89,990.77,1.49,27.64,0.7,0
8.28,122.2,8035.95,1.63,130.36,424.77,9.04,21.42,0.67,0
8.22,161.91,1063.12,1.37,285.39,489.41,9.46,45.15,0.43,1
6.51,102.79,6344.09,0.86,267.12,846.36,5.37,27.83,1.66,1
7.58,86.61,1326.62,1.43,193.63,911.29,5.18,45.18,0.38,1
7.62,75.41,8778.26,1.2,242.44,639.77,5.2,40.26,1.19,0
8.34,52.92,4088.97,0.04,194.93,466.83,9.51,9.99,1.84,1
6.86,174.82,7149.67,0.24,184.61,660.96,4.25,22.46,0.41,1
7.55,141.11,2144.3,1.58,233.92,467.9,5.46,25.82,1.26,1
7.02,102.74,7081.43,0.83,122.4,427.33,7.9,9.86,0.18,1
6.9,92.21,3857.1,0.12,338.61,829.03,9.51,42.9,0.78,1
6.91,155.99,6986.38,1.19,319.16,529.81,6.8,2.73,1.07,1
7.05,167.15,3578.66,1.48,130.39,406.56,6.73,9.79,1.7,1
8.29,129.47,2260.96,0.14,139.58,656.63,4.65,15.01,1.9,1
8.02,175.79,4446.05,1.49,216.83,246.73,5.74,49.18,0.99,1
8.14,56.91,1370.16,1.75,128.39,618.22,9.42,44.13,1.81,1
7.52,104.13,1554.7,1.35,106.46,856.59,5.3,11.13,1.97,1
7.71,176.77,7582.31,1.14,142.64,277.55,4.4,1.92,0.23,1
7.57,131.33,1707.48,0.6,163.53,995.73,5.61,1.97,1.61,1
8.36,119.78,3226.98,1.71,138.79,543.26,1.16,21.56,0.34,1
7.19,102.97,9034.53,1.19,149.94,848.71,5.54,35.02,1.11,0
7.98,159.91,7166.4,0.4,241.15,319.0,1.38,9.47,1.35,1
7.0,152.1,1944.74,0.76,281.48,631.95,5.96,34.22,1.65,1
6.8,175.53,6189.17,1.34,208.87,591.45,7.28,11.45,1.67,1
8.4,152.58,3826.88,1.13,179.61,897.7,5.56,1.54,0.74,1
7.44,146.32,3564.33,0.62,318.01,267.6,9.34,23.81,1.12,1
7.93,69.62,5561.08,0.34,323.78,999.55,6.67,35.99,0.6,1
6.61,138.94,3484.34,0.15,262.2,734.01,6.97,24.9,0.96,1
7.61,185.79,8281.05,1.47,329.49,869.95,4.76,6.23,0.65,0
7.13,192.96,9545.64,0.73,187.57,798.35,8.66,37.46,0.15,0
6.95,67.82,8371.73,0.35,233.11,948.02,4.16,19.6,0.41,0
7.44,133.18,1306.06,1.03,148.31,581.76,7.11,42.6,0.53,1
7.5,107.36,8474.21,0.13,197.46,833.6,1.69,16.16,1.55,0
7.29,122.3,2509.94,1.49,126.8,320.89,2.61,23.16,1.62,1
8.42,199.82,919.61,2.0,139.22,468.24,8.45,6.54,0.6,1
7.78,98.56,6309.65,0.25,227.38,673.99,8.36,38.71,0.93,1
6.89,168.81,7326.02,0.55,343.36,454.43,4.7,13.91,0.87,1
7.72,69.35,5225.41,0.31,247.62,484.72,2.88,33.09,1.38,1
8.5,129.96,4505.78,0.04,121.87,365.13,8.26,13.95,0.33,1
8.16,142.53,7388.23,1.27,270.59,509.22,4.02,28.91,1.82,1
7.66,90.36,1178.37,1.24,216.46,389.73,3.23,26.65,1.9,1
6.94,97.42,603.35,1.6,115.26,484.89,3.83,4.73,1.57,1
8.19,167.42,3621.85,1.11,264.02,794.79,2.83,46.95,0.55,1
7.35,149.04,5976.09,0.04,340.81,881.87,5.56,12.0,0.58,1
6.61,75.62,6896.6,1.13,141.77,897.07,2.64,43.14,0.52,1
7.71,130.78,1891.07,0.27,180.38,625.36,6.54,48.05,0.66,1
7.68,170.7,5840.38,1.89,136.78,249.12,9.73,32.26,1.59,1
7.17,171.35,5055.11,1.6,220.98,567.29,3.44,4.6,1.37,1
8.2,153.73,6232.51,0.81,344.0,376.68,3.26,11.1,0.86,1
6.89,101.1,6767.37,1.4,114.65,946.32,8.39,33.7,1.84,1
7.58,101.65,7012.35,0.08,167.85,402.89,7.52,16.71,0.6,1
6.85,141.38,3974.57,0.07,209.53,788.02,1.24,28.21,0.27,1
6.62,128.82,1084.7,0.42,196.49,218.26,1.89,42.5,1.82,1
7.46,160.3,6939.92,0.78,151.17,421.55,2.68,23.61,1.28,1
7.06,191.39,8706.55,0.33,168.34,818.54,9.22,20.64,0.92,0
6.58,93.8,8931.07,0.93,143.81,775.62,2.09,47.29,0.23,0
8.07,98.15,5455.67,0.98,306.79,519.61,8.62,9.66,1.32,1
7.2,88.0,8177.65,0.07,301.61,546.39,1.27,17.08,1.79,0
6.76,131.11,1773.27,0.73,128.31,358.62,7.78,1.68,0.93,1
7.98,61.64,4489.07,1.51,302.41,890.95,1.59,31.35,0.14,1
7.09,76.67,9054.37,1.84,103.78,617.65,7.99,35.69,0.6,0
7.52,89.26,1197.43,1.74,112.19,872.0,6.77,5.22,0.44,1
7.04,191.0,8574.91,0.16,311.04,736.09,2.37,49.7,1.18,0
7.83,126.71,6066.96,1.42,161.85,484.56,5.34,14.26,0.67,1
8.38,169.01,2193.88,1.09,258.36,685.22,4.91,48.19,1.97,1
8.15,165.62,3675.46,0.66,284.89,894.9,8.63,36.95,1.02,1
7.7,190.47,736.4,1.45,166.8,559.13,8.12,36.95,0.67,1
7.4,85.97,4732.02,0.26,110.68,602.24,4.54,13.0,1.71,1
7.52,162.15,3544.66,0.33,298.68,925.43,4.16,0.36,1.86,1
8.24,102.32,6321.54,1.26,253.31,656.64,7.77,8.26,1.56,1
8.15,51.14,2061.11,0.93,144.6,938.67,1.53,12.6,0.35,1
7.74,181.04,9401.33,0.09,303.29,935.95,2.17,24.49,0.44,0
7.9,115.2,8014.81,0.2,254.11,990.14,1.52,2.37,0.38,0
7.21,154.28,9155.47,1.77,334.57,392.63,6.9,34.69,1.4,0
8.34,131.23,5340.5,0.38,313.83,286.49,6.89,31.19,1.5,1
7.35,181.9,2718.66,0.63,193.88,638.16,8.04,27.42,1.61,1
6.84,50.29,4604.05,1.97,291.98,731.32,2.71,16.89,0.43,1
8.32,68.45,6381.72,0.76,136.8,392.66,7.36,42.54,1.14,1
6.85,192.92,7070.73,1.57,289.62,422.92,1.66,0.93,1.38,1
7.02,95.12,6426.99,0.51,242.36,808.76,9.34,25.81,0.37,1
7.74,94.31,2534.11,1.63,345.2,578.83,5.05,27.83,0.16,1
7.04,63.43,6327.71,0.81,238.43,476.91,2.12,39.69,0.77,1
7.63,139.72,8130.02,0.23,310.71,523.31,6.95,24.02,1.16,0
8.13,152.7,2801.33,1.38,198.53,803.47,2.04,8.54,0.67,1
7.59,159.25,5183.6,1.59,185.28,479.85,7.86,18.46,1.43,1
6.6,168.52,9974.69,1.01,142.01,952.39,5.95,19.89,0.7,0
8.31,167.29,4022.21,0.39,180.12,377.45,6.13,36.29,0.34,1
8.29,82.86,3210.55,0.52,319.36,668.46,7.19,1.85,1.25,1
8.29,62.4,4576.55,0.32,272.1,209.4,1.66,33.42,1.18,1
7.41,125.44,6203.08,1.24,250.12,995.78,3.38,32.1,0.25,1
8.17,123.65,5069.47,0.57,224.9,708.5,4.74,47.84,0.22,1
8.27,191.23,6674.04,0.51,148.5,768.26,2.19,30.79,1.5,1
7.82,106.62,3581.87,0.98,293.31,217.76,9.34,21.96,0.25,1
7.81,65.87,3335.13,0.83,117.19,451.13,7.59,21.22,0.28,1
8.35,156.3,7018.94,1.47,157.18,273.36,4.9,49.92,1.41,1
7.54,89.16,1274.93,0.32,295.24,903.51,1.09,49.68,1.33,1
6.52,83.39,6189.41,1.59,305.88,212.22,2.96,7.05,1.49,1
6.73,194.5,7648.1,1.92,166.95,873.17,4.07,12.81,0.48,1
7.67,95.43,6756.71,0.82,304.47,787.92,8.01,1.22,0.96,1
7.04,159.86,3505.13,1.36,197.29,902.51,9.37,25.82,0.46,1
6.91,135.7,4294.41,1.11,281.72,666.07,2.22,26.59,1.13,1
7.54,174.41,6491.66,0.2,222.2,206.93,3.08,43.46,1.86,1
8.23,68.46,4488.5,0.93,247.08,819.95,5.97,5.56,1.1,1
7.52,69.28,1991.81,1.26,212.03,207.06,4.7,30.41,1.07,1
8.17,56.56,1840.28,1.86,118.76,999.67,4.78,31.57,0.44,1
6.98,69.21,1755.66,0.84,220.56,309.53,3.93,28.04,1.28,1
7.25,138.36,9178.46,0.7,346.18,683.28,8.78,16.54,0.65,0
6.73,162.82,3460.93,0.1,152.64,517.18,5.41,28.31,1.93,1
6.57,155.05,3387.69,1.03,216.95,610.58,1.67,48.78,1.28,1
7.07,168.21,1675.61,0.35,228.74,472.22,7.84,44.61,0.97,1
8.48,170.17,9559.79,1.82,239.34,698.53,8.77,39.5,0.74,0
8.09,129.0,9722.3,0.55,347.33,505.97,3.84,32.2,0.34,0
8.11,173.42,3686.95,1.7,318.48,663.68,5.73,31.32,0.49,1
7.35,153.36,5066.95,1.59,269.53,295.67,9.64,36.6,1.52,1
7.27,63.18,2549.29,1.0,337.59,639.34,3.42,42.36,0.44,1
8.03,55.24,9688.23,1.35,175.33,760.38,2.69,31.76,1.88,0
7.27,132.28,9440.63,1.62,275.91,901.33,6.67,5.89,0.55,0
7.15,140.22,8858.56,0.34,219.97,578.08,4.21,8.73,1.62,0
7.64,130.25,6893.5,0.76,183.11,315.09,9.83,44.57,1.41,1
8.02,164.75,1244.22,0.95,169.72,606.16,3.39,46.18,1.73,1
6.99,124.37,2080.9,1.61,289.6,817.01,9.84,0.91,1.86,1
7.69,141.87,1609.07,0.51,167.24,237.29,3.86,3.84,0.2,1
7.37,126.15,7195.55,1.57,291.28,679.98,7.12,7.98,1.41,1
8.24,134.35,9331.73,1.36,147.97,590.84,3.05,32.05,0.16,0
7.42,157.38,5740.3,0.3,140.45,837.92,7.59,12.87,1.66,1
7.04,147.85,7541.17,0.08,204.08,513.44,5.71,46.17,1.11,1
8.19,102.76,7290.94,0.1,261.3,969.46,3.72,10.87,0.18,1
7.32,123.2,1840.64,0.87,150.37,603.06,3.88,22.25,1.18,1
7.37,50.64,8636.47,0.85,193.37,567.48,5.75,20.29,0.11,0
6.56,169.51,888.32,1.57,130.26,483.37,7.49,10.73,0.87,1
7.76,182.61,8575.27,0.85,304.74,774.38,1.89,6.71,1.7,0
6.84,114.69,9447.04,0.89,304.7,880.58,2.06,22.2,0.52,0
7.06,159.72,4323.69,0.95,323.63,211.99,4.01,19.77,0.66,1
6.81,199.54,6871.02,0.95,218.94,887.96,7.53,24.39,0.13,1
8.38,105.45,9813.23,1.65,205.04,531.51,1.77,13.94,0.12,0
8.12,96.09,9071.99,1.9,158.03,433.48,8.38,26.07,0.91,0
8.37,129.14,2596.2,1.65,302.98,344.54,1.19,7.99,1.34,1
6.54,159.61,8098.73,0.44,266.82,578.11,5.2,41.81,1.49,0
7.87,196.55,5183.53,1.0,188.78,919.51,1.39,13.57,1.75,1
7.62,85.07,1169.91,1.26,158.21,345.77,3.91,2.4,1.59,1
6.67,60.1,9962.85,0.47,331.02,246.28,8.37,6.43,0.22,0
7.42,123.52,1458.37,0.53,298.35,621.17,2.19,35.95,1.81,1
7.07,75.74,7310.32,1.69,337.17,480.47,1.52,46.28,0.6,1
6.55,182.57,3150.41,0.1,207.36,307.71,1.14,20.73,0.66,1
8.31,191.07,5825.07,0.12,329.07,285.01,3.25,31.04,0.55,1
7.66,166.89,521.35,0.16,294.28,926.33,1.74,22.46,0.45,1
7.55,95.19,6070.9,0.39,177.34,659.96,7.45,4.97,1.5,1
7.86,107.42,861.29,0.29,162.61,668.26,4.95,6.51,1.75,1
7.87,159.97,8967.99,1.07,334.68,637.23,9.78,26.4,0.44,0
7.67,118.11,3417.13,1.92,139.25,485.95,1.39,47.05,1.9,1
8.2,189.79,1654.49,1.9,349.58,997.16,8.96,39.27,1.93,1
7.82,55.63,6388.53,0.08,229.27,486.64,7.05,35.0,1.03,1
7.79,167.51,591.77,1.09,170.4,957.97,5.22,9.71,0.12,1
8.02,73.24,7546.74,0.19,263.8,943.08,8.66,8.24,0.89,1
6.55,96.93,782.96,1.83,245.53,734.09,4.19,0.23,1.95,1
8.06,64.12,9443.61,0.26,327.81,815.99,1.91,8.24,0.15,0
8.13,186.52,829.32,1.6,271.94,475.47,8.99,32.39,1.51,1
8.32,52.18,743.79,0.86,332.67,756.03,9.52,29.03,0.89,1
7.41,108.3,4867.08,1.03,342.52,223.94,9.7,44.64,1.47,1
7.57,70.26,4192.65,1.67,222.18,858.37,8.81,12.69,0.98,1
8.28,137.19,7304.76,1.68,125.06,906.77,9.32,31.78,1.47,1
7.24,122.51,4600.75,1.55,164.3,529.5,9.9,0.27,0.36,1
7.56,183.76,7968.24,0.81,268.64,670.52,4.45,46.99,0.82,1
7.79,182.94,8507.6,0.99,308.45,736.19,1.94,35.9,1.09,0
8.29,114.36,6823.74,0.64,280.15,488.16,3.74,9.99,1.97,1
7.8,170.6,8237.46,0.06,338.05,922.88,6.36,5.0,1.12,0
8.02,53.49,5190.6,1.88,300.1,991.11,7.53,14.69,1.04,1
6.65,71.59,4761.91,0.47,310.74,852.36,6.29,5.22,1.12,1
7.57,155.84,9229.07,0.84,104.97,212.81,6.56,15.26,0.22,0
6.92,120.23,1570.27,0.41,337.72,748.86,5.87,12.31,0.41,1
6.94,170.16,5489.81,1.65,112.59,986.61,5.03,14.39,0.76,1
7.03,101.02,9595.36,1.28,130.45,602.39,9.53,23.12,1.16,0
6.63,55.74,2687.19,0.24,202.29,462.25,8.53,42.54,1.49,1
8.35,198.06,4630.03,1.35,129.48,405.15,7.93,12.58,1.55,1
6.97,67.49,9300.74,1.87,301.49,621.69,6.32,42.58,0.49,0
6.84,129.96,8527.85,1.83,125.99,474.21,6.77,47.02,1.51,0
7.83,94.74,7875.96,1.93,319.92,494.44,9.05,47.33,0.61,1
7.16,116.19,3690.05,0.62,140.59,427.58,3.63,48.09,0.5,1
8.48,165.33,2693.78,0.24,110.6,818.33,6.43,33.28,1.94,1
8.05,67.76,3171.31,0.83,105.77,586.31,8.51,16.56,0.37,1
6.52,61.93,2567.44,1.88,187.17,807.14,9.9,41.0,0.25,1
8.1,126.68,3533.77,1.29,203.72,419.79,8.48,33.51,0.61,1
7.49,60.76,6089.52,1.85,326.05,626.76,8.14,1.12,0.81,1
7.75,191.02,2997.37,1.53,333.49,501.44,9.61,29.21,1.61,1
7.13,172.31,6635.97,1.19,123.43,496.51,4.62,47.52,1.11,1
8.35,54.88,2054.36,0.74,248.26,914.34,1.97,45.69,0.79,1
7.18,121.94,6438.09,0.3,342.98,412.12,1.0,5.3,0.89,1
8.22,129.11,1443.71,1.52,313.93,829.85,5.17,24.64,1.48,1
7.68,117.27,8354.79,1.88,136.67,257.65,6.2,4.43,1.86,0
7.73,195.0,3039.35,1.86,205.33,418.62,8.25,7.66,1.02,1
7.21,183.22,1738.47,1.14,323.47,841.99,5.55,14.76,0.62,1
8.12,130.47,6296.46,1.49,157.14,879.29,1.19,38.83,1.68,1
7.97,106.56,1099.95,0.11,308.55,695.31,1.65,20.15,0.93,1
7.48,68.87,1366.67,1.74,214.06,730.97,4.51,30.78,0.43,1
7.89,133.4,2384.59,0.41,349.39,667.51,7.65,8.97,1.72,1
7.86,52.86,5397.86,1.61,319.89,401.06,1.18,10.34,0.49,1
7.93,184.65,6929.12,1.86,313.24,731.21,3.54,42.8,0.74,1
7.27,145.45,8319.91,1.2,267.72,612.6,5.26,38.2,0.29,0
7.21,119.15,7438.74,0.56,233.35,381.98,1.95,41.2,0.38,1
6.79,186.36,9786.71,0.47,214.88,882.12,4.49,9.02,0.82,0
7.87,146.52,2644.01,0.03,175.66,864.23,3.38,9.76,0.7,1
7.16,171.86,2768.82,1.01,220.9,910.24,1.61,11.94,1.52,1
7.18,200.0,5190.26,1.42,328.38,495.81,5.48,47.11,1.4,1
6.59,94.31,9444.49,1.25,281.52,606.78,6.11,7.43,1.52,0
8.34,155.17,8075.8,1.45,140.58,533.16,8.29,31.09,1.42,0
7.52,158.22,3697.72,0.76,340.22,966.53,2.12,2.62,0.54,1
6.92,166.81,9408.75,0.47,309.82,262.09,3.43,8.06,1.34,0
7.89,71.61,9853.6,1.59,114.4,917.27,7.36,31.08,1.77,0
8.16,124.2,3518.08,1.1,149.27,924.73,9.22,24.17,1.54,1
6.62,164.72,7595.04,1.12,197.68,830.06,4.58,45.85,1.72,1
8.25,135.19,4613.26,1.54,198.17,948.41,8.47,37.36,1.12,1
7.07,113.61,6105.66,0.41,229.04,308.97,7.6,8.38,0.5,1
7.67,103.98,1268.45,0.02,241.62,292.35,1.25,38.63,0.43,1
8.43,62.83,2739.02,0.59,143.91,517.2,5.45,38.07,0.18,1
8.32,146.95,5802.28,0.7,325.48,952.53,7.03,43.53,1.22,1
8.1,167.22,1254.98,1.29,166.35,765.98,7.32,40.35,1.89,1
6.73,173.86,5710.89,1.41,335.23,691.37,6.05,7.52,0.71,1
8.13,135.16,9837.9,1.08,131.0,423.58,1.55,8.42,0.8,0
8.01,134.18,7315.17,0.52,347.02,735.55,1.76,30.46,1.01,1
6.98,149.29,4187.81,0.64,209.41,410.76,2.44,26.23,0.39,1
7.83,105.27,7769.58,1.52,109.72,383.79,8.22,17.93,0.48,1
6.7,101.99,3589.13,1.42,150.88,697.57,1.11,25.64,1.3,1
8.03,51.21,938.53,1.83,185.67,232.15,8.53,1.93,0.16,1
7.12,71.33,8136.75,0.42,200.97,434.54,2.17,37.41,0.84,0
7.87,148.21,503.01,1.39,195.9,936.2,5.07,0.47,1.93,1
8.13,57.07,6019.16,0.07,283.91,937.86,2.3,26.45,1.98,1
8.05,60.38,3029.8,0.05,127.77,500.64,8.73,31.72,0.12,1
8.33,111.69,1343.92,1.43,162.54,233.14,6.75,14.23,0.42,1
7.0,117.5,9682.18,0.77,112.92,687.16,6.38,13.48,0.48,0
6.64,112.14,5294.7,1.62,160.02,812.07,7.22,44.33,0.4,1
7.02,122.89,4230.52,1.04,149.07,648.51,7.24,33.88,0.59,1
8.35,185.63,7905.25,0.38,258.78,343.41,4.94,5.25,0.13,1
8.25,127.62,9885.9,1.36,215.91,359.25,7.46,49.3,1.91,0
7.83,115.65,1612.69,0.77,231.83,283.3,3.83,34.77,0.82,1
6.51,59.31,6160.77,1.68,202.83,406.54,5.49,47.13,0.84,1
6.62,120.32,9840.0,0.73,251.77,591.35,3.65,44.01,1.19,0
8.43,94.69,8821.88,1.76,127.2,200.62,4.27,38.25,0.6,0
7.43,156.5,2259.01,0.42,280.88,623.1,4.64,16.71,1.64,1
6.54,72.95,4959.79,1.96,144.01,879.22,9.84,18.29,1.79,1
8.11,96.21,5561.09,0.06,285.86,646.27,7.72,9.9,1.96,1
7.95,182.15,4433.68,0.32,110.85,473.4,4.29,7.44,0.99,1
7.26,192.84,8749.16,1.89,200.36,505.7,4.07,28.95,0.21,0
8.21,139.74,9473.34,0.03,184.1,270.2,1.83,48.72,0.47,0
7.52,171.53,5674.01,0.29,273.46,337.74,6.41,3.11,1.72,1
8.32,131.96,7117.37,0.93,152.69,228.64,9.58,42.25,1.91,1
8.3,179.0,2867.18,1.39,341.05,399.88,9.07,49.4,1.55,1
7.91,187.08,4787.74,0.19,289.71,472.58,3.98,9.51,0.39,1
7.14,194.12,6305.52,0.91,326.88,673.55,7.95,28.13,0.13,1
7.84,88.87,5930.34,1.05,149.24,763.82,5.07,7.58,1.31,1
7.83,88.67,2855.43,1.49,122.99,527.73,5.81,38.27,0.76,1
6.75,169.35,5407.59,0.61,111.69,913.42,3.35,17.91,0.47,1
7.22,127.49,1777.27,0.06,103.0,742.9,6.05,42.97,0.48,1
7.45,180.97,4204.74,0.07,335.27,738.36,3.91,28.99,1.7,1
7.88,88.63,2856.01,1.04,271.74,529.43,8.63,25.12,0.41,1
7.76,98.44,9911.87,1.55,161.66,375.1,3.42,28.92,0.24,0
7.1,50.42,4593.44,1.66,169.35,773.65,2.41,27.77,1.24,1
8.15,102.11,9907.3,0.84,101.29,754.04,3.81,17.54,0.56,0
7.72,98.69,1601.87,0.01,160.85,731.79,7.31,8.96,0.52,1
7.49,198.66,6853.67,0.97,249.23,563.03,9.54,8.75,0.53,1
7.21,97.89,7797.06,0.26,232.28,354.59,6.25,1.54,0.46,1
7.62,191.77,6431.42,1.83,185.87,552.96,9.17,11.7,0.78,1
7.82,126.04,899.99,0.54,231.2,257.47,3.3,46.98,0.79,1
7.79,121.76,7864.44,1.56,254.96,298.03,7.36,2.45,1.0,1
8.22,147.64,8100.07,1.12,148.93,564.76,7.47,13.64,1.64,0
7.16,98.37,1397.1,0.13,223.91,329.04,8.92,38.0,0.47,1
7.41,134.19,3579.08,0.76,145.57,581.57,9.63,0.78,0.39,1
7.45,69.58,9484.06,1.58,232.89,908.29,5.23,2.94,0.54,0
8.36,198.98,5585.52,1.56,345.79,312.91,3.41,25.77,0.68,1
8.06,107.49,7933.69,0.21,240.31,717.35,7.09,49.75,0.73,1
7.21,94.95,3046.79,0.36,154.66,430.0,1.93,6.32,1.44,1
8.08,111.41,5150.88,0.3,279.69,997.43,3.92,39.56,1.82,1
7.29,100.63,7899.86,0.19,317.72,496.15,5.16,42.43,1.06,1
7.76,142.97,5370.91,1.17,200.64,288.68,9.18,10.91,1.72,1
7.18,65.49,3263.69,1.92,195.79,478.13,9.74,25.97,1.44,1
7.97,56.41,1916.86,1.42,113.38,292.3,6.19,2.33,0.38,1
7.19,198.83,6062.6,1.1,125.63,624.55,2.65,15.03,0.62,1
7.65,137.13,4247.1,1.03,192.87,617.64,8.01,34.94,0.76,1
7.84,129.98,7888.65,0.34,148.67,775.19,9.62,31.5,1.73,1
7.24,142.24,5470.03,1.33,180.68,683.85,9.89,0.88,1.09,1
8.06,86.5,8419.22,0.14,212.25,335.43,6.29,49.22,0.35,0
6.71,147.81,9863.59,1.85,349.39,223.11,1.69,15.74,0.8,0
7.5,111.71,6659.72,2.0,146.13,598.77,1.31,42.9,0.35,1
7.72,189.02,4669.88,1.42,246.81,982.59,6.28,19.49,0.74,1
7.83,58.69,2071.81,0.02,270.37,717.82,3.12,10.91,1.52,1
7.56,73.95,794.7,1.31,330.7,747.31,2.16,35.68,0.66,1
7.56,83.42,2612.05,1.62,195.35,223.84,7.5,15.05,1.53,1
8.47,111.18,6946.53,1.05,151.68,341.03,6.03,11.55,0.18,1
7.14,192.35,3107.99,1.97,123.58,891.63,1.68,2.17,0.71,1
8.0,136.97,3722.31,1.06,202.26,618.99,6.46,41.02,1.09,1
8.22,182.99,4055.37,1.25,331.99,584.88,7.08,18.48,0.58,1
8.12,111.3,3839.25,1.49,259.5,717.38,5.51,49.09,0.5,1
7.08,149.08,4714.91,1.04,287.82,714.04,5.7,5.71,1.63,1
6.74,122.55,1442.18,1.84,148.59,216.95,8.94,25.97,1.75,1
7.71,180.47,9945.05,0.38,175.41,917.19,1.98,9.3,1.32,0
6.53,117.22,7774.58,1.51,163.59,670.89,1.63,6.82,1.93,1
6.8,171.69,6087.87,0.03,200.57,445.49,9.35,37.35,1.11,1
7.37,126.0,6894.88,0.28,187.53,264.96,6.29,11.61,1.01,1
7.03,91.71,5238.85,1.69,187.0,340.93,6.28,25.02,0.95,1
8.27,144.8,4167.38,0.89,248.42,899.0,4.31,27.91,0.55,1
6.64,186.27,3270.01,0.6,128.22,651.78,1.83,4.34,1.03,1
8.4,64.55,9363.74,0.86,166.74,210.23,2.78,29.88,1.93,0
7.82,78.6,2869.69,1.44,108.09,573.03,7.3,34.52,0.48,1
7.55,130.33,9373.46,1.79,274.88,766.6,6.66,12.14,0.73,0
6.51,97.98,8773.0,0.37,145.94,236.74,6.76,44.26,1.18,0
8.24,151.07,9248.71,0.59,343.44,600.28,5.3,33.05,0.6,0
8.12,165.13,1143.4,1.76,201.69,450.34,1.52,48.52,0.28,1
7.85,105.71,1433.08,0.69,163.01,823.12,9.49,41.14,1.89,1
8.12,67.97,7146.49,1.8,161.37,240.01,2.1,42.04,0.41,1
7.04,180.29,7851.67,1.59,242.78,938.61,1.72,42.36,1.09,1
7.78,186.39,6244.56,0.34,156.34,569.11,5.92,9.08,1.81,1
8.29,157.9,8510.38,0.08,271.69,476.11,3.97,37.31,1.58,0
7.79,152.83,7259.19,1.49,300.95,565.09,1.65,19.46,0.79,1
6.51,51.76,8372.73,1.97,312.56,625.68,3.32,41.56,0.29,0
6.71,144.34,1735.54,0.28,231.96,690.68,1.5,19.63,1.12,1
6.62,72.8,3141.37,1.0,142.57,948.58,7.68,48.03,0.71,1
7.98,180.92,7351.28,1.62,252.11,819.63,3.43,24.45,1.95,1
7.57,110.46,2714.29,1.79,216.74,994.09,2.56,34.8,0.4,1
7.52,136.35,1626.0,0.84,239.38,468.87,9.12,11.92,0.69,1
8.41,109.3,5531.76,0.93,231.43,918.52,8.13,32.57,1.46,1
6.97,96.41,9610.95,1.54,174.14,654.84,2.97,41.26,0.91,0
8.21,186.15,1274.66,0.11,143.21,347.72,8.41,10.24,0.53,1
7.32,111.93,709.22,0.4,224.21,757.0,1.65,5.93,1.85,1
7.77,129.6,5108.62,0.42,270.12,381.23,5.96,13.47,1.78,1
6.81,53.21,3576.52,1.51,165.45,733.6,2.52,4.3,1.22,1
7.36,125.61,5229.3,1.47,159.94,473.36,1.75,31.43,1.6,1
